15550 32595 8
13795 25526 8
3625 39683 8
32555 34291 8
12807 33747 8
8445 7412 8
24658 13819 8
26741 35576 8
39457 9882 9
6627 36042 8
18593 27795 8
33724 27825 8
8219 11894 8
21740 21747 8
21047 256 8
27546 32101 8
11396 15098 8
29836 22411 8
13111 26083 8
2595 78 8
25047 29276 8
25222 27318 8
7546 10719 8
31261 18347 8
18982 34877 8
37362 37957 8
8115 11855 8
24312 12662 9
3082 4739 8
12578 30883 8
28986 25047 8
9992 28580 8
15886 19902 8
18324 33371 8
34339 13443 8
16451 16557 8
26270 16227 8
26300 37276 8
34358 39120 8
35794 13083 8
32658 20435 9
14782 9711 8
