31020 23568 5
28051 11 10
28617 34568 1
18649 3989 2
36104 20658 2
3482 27884 2
35920 10934 1
30285 38 1
21056 30511 1
30255 26448 1
21777 18969 2
19691 27017 2
32193 16177 1
21081 10203 2
37892 4693 1
6497 32869 2
29945 6233 10
24399 7980 1
31020 9209 5
18979 39553 1
3281 28057 1
28051 7395 5
39442 35549 1
11175 30381 2
26188 29171 1
35344 13699 2
16798 406 1
37337 4483 1
36429 1351 1
40167 2545 2
32485 34954 2
15806 22980 2
24691 14833 1
39379 3688 1
23789 10109 1
27693 7306 1
37754 12816 2
9561 27145 2
2176 36459 1
1926 11153 2
31020 26883 5
17899 4837 1
9833 10271 1
14852 18600 1
38540 35168 1
28894 36357 2
37428 10412 1
2260 18082 1
13120 29676 2
24217 18231 1
26326 348 1
37599 29597 2
28057 199 1
9797 25569 1
14021 6071 1
35019 9399 1
17491 10718 1
22103 3464 2
19085 2045 2
3795 5888 1
13309 40564 1
27092 555 1
36986 14428 2
31242 230 1
40582 35470 2
25273 5710 1
25644 20383 2
17376 30063 10
13531 31934 1
28051 6695 10
9150 27664 1
30306 6382 1
24730 6240 2
2566 27799 1
17035 17835 2
38448 29454 1
37585 31671 2
29342 29595 1
24238 30730 1
24943 16646 2
19494 31417 1
3724 246 1
21088 1971 1
31020 38304 5
25412 30439 1
18146 22461 1
13120 15743 2
3383 25637 2
7935 36806 2
18726 16294 2
15376 37514 2
6804 9911 1
36767 32631 1
20802 2693 5
37215 8150 2
5808 29454 1
21469 21054 2
17234 1462 2
10058 1152 5
16841 2983 1
10212 39314 2
16841 37828 1
4998 39849 2
24439 22518 1
17376 6982 2
35395 16093 1
25007 34986 2
37373 32269 1
29249 25432 2
27345 27307 2
16835 30371 1
36986 8361 10
16274 37428 1
35377 17570 1
31829 30267 2
27669 37872 2
37892 33368 1
12266 24463 5
25978 5309 2
28051 36616 10
38609 25044 2
22418 36938 1
16474 36429 1
4986 13842 1
18890 25466 1
32994 26067 2
31020 8680 5
11128 39460 2
9695 22112 1
28182 24238 1
24488 6001 2
37407 23763 2
16841 18298 1
15898 32463 1
24092 8118 2
21232 27839 2
6092 38093 1
39975 34384 2
8080 22491 2
13046 9465 1
8205 25266 1
33511 39595 1
24318 20387 1
23735 11071 2
37580 37638 1
32725 15622 1
3301 36583 1
24488 10769 2
5440 1375 1
20802 20994 5
3164 39377 1
1207 33767 2
17586 21370 2
16681 15918 2
5084 16100 2
1743 13931 1
38684 14852 1
743 19367 2
34828 33948 1
3983 19410 2
34043 13493 1
35344 22444 2
22166 25344 1
30410 9296 2
30469 13175 2
25851 1717 1
28709 9895 1
32547 18010 1
4985 26438 2
3724 14685 1
13704 28512 2
20025 34388 5
35344 33043 2
21470 38566 2
27699 15521 1
33834 38470 1
17151 37735 1
30075 9970 1
18979 39978 1
11979 18212 1
15376 29455 2
5210 11071 2
26981 39109 1
27854 25088 1
35923 30253 2
21469 35980 2
11017 20805 1
8588 28983 1
23306 22107 1
793 27854 1
31020 36353 5
31934 342 1
3164 496 1
34607 14205 1
14530 29849 1
36495 815 5
3273 6459 1
30524 1959 1
28286 35230 1
13309 16952 1
10158 3017 1
3113 35306 1
36986 32154 10
36842 22929 1
24301 31737 1
17376 24604 10
27302 25940 2
26322 14645 1
35145 30026 1
4274 1852 1
39218 27905 2
24094 27925 1
19546 6824 2
15898 36234 1
24438 12163 1
19936 20122 1
13563 28918 1
17855 22932 1
33220 9922 2
28051 21712 10
3126 28944 2
25761 16895 1
13672 37803 1
36429 15790 1
12266 40582 5
15423 38409 1
1110 37889 1
3895 28993 1
34828 3719 1
24481 36226 1
8205 1154 1
27693 38995 1
29273 25923 1
14412 16989 2
11887 20399 2
30182 16477 1
9561 20266 2
10072 25580 1
28051 19651 10
16049 30359 1
17894 18020 1
32242 24724 1
16886 18747 1
13144 9033 2
36526 13624 2
20121 14143 2
31491 19245 1
30815 23132 1
28453 24919 1
14150 6188 1
27869 7045 2
40069 14710 1
7946 28488 1
31292 39752 1
28051 37596 10
35666 39757 1
19552 34538 1
36425 4253 1
6614 34902 1
9608 1948 2
37881 12148 2
22640 8915 1
13438 28252 1
17998 24184 2
16841 18366 1
28981 11753 1
28051 29495 10
23344 5271 1
28051 16155 10
5822 6922 1
38000 13051 2
31793 32208 1
40561 5823 2
21491 24138 1
22060 21722 2
28051 20549 10
28051 20404 10
16841 29721 1
20918 16567 1
35500 27694 1
18979 38139 1
21004 24086 1
4786 40820 2
37590 5555 1
36037 20688 2
2956 283 1
12266 4565 5
24005 8857 1
21407 8262 2
24172 30822 2
25815 31920 1
29454 5274 2
13014 1760 2
28193 29410 2
33671 38998 1
35382 35675 2
24702 20778 5
39688 37338 1
35637 23290 2
7719 31293 1
434 39397 1
13501 38883 1
14979 38573 2
36743 2498 1
24455 32258 2
1076 33885 2
31447 20400 1
39379 20467 1
29313 18821 2
31021 3420 1
1482 11797 2
24806 34437 2
19388 3832 10
2937 34379 1
23318 7567 1
18366 18384 1
31426 36577 1
34786 17429 2
28051 9637 10
25202 10037 2
37569 37977 1
32242 9303 1
38494 23464 1
31020 31126 5
33150 26660 1
29424 13561 1
16482 40663 2
9160 37596 10
28362 35790 5
30074 38543 1
6614 28383 1
31020 13437 5
36603 22220 2
32882 38199 2
3164 5065 1
2086 10376 1
15857 12519 5
19787 12452 2
35445 6984 2
28051 15490 10
15787 34805 2
38328 26304 1
24662 22243 1
31163 6055 1
5040 6281 1
17101 34295 1
29445 23096 1
29662 13288 2
2264 40778 1
20131 18594 2
24691 40427 1
25502 38950 1
8540 1421 1
17590 30172 2
27279 3000 1
10622 35143 1
30932 33887 1
28051 18111 10
35344 22965 2
27136 19928 2
2096 39454 10
12266 3664 5
32111 23768 1
35027 9445 1
20828 5621 2
16964 15808 2
31626 26781 1
180 21326 2
22917 215 2
30364 34887 1
38869 15382 2
28175 14774 1
18979 20117 1
18192 11071 2
27782 34003 1
28051 4259 10
24702 19007 5
18110 9947 1
29313 34601 2
29945 17682 10
31865 40387 2
27411 26992 1
18582 30592 2
31306 11651 1
32834 12263 2
26448 18173 2
390 675 1
27275 40603 2
12367 27773 1
28094 24654 2
28106 5373 1
21845 23581 2
24092 34856 2
34393 24516 2
23080 18951 1
9797 29795 1
37154 27821 1
34012 15276 2
14329 25199 1
26233 22312 1
14069 23887 1
38869 27196 2
34828 30728 1
27657 23462 2
28131 36887 2
35344 13912 2
17049 12342 1
17899 11998 1
18979 35300 1
31020 19295 5
31277 26935 1
39818 14499 1
17747 31385 2
8552 36965 1
18795 37651 1
15924 18088 1
35344 9949 2
26427 19855 2
14552 13263 10
32627 21864 1
36265 1347 2
24893 13155 2
26574 8629 2
39388 40516 1
28051 9105 10
21825 31706 1
23054 23941 2
36112 32624 1
20944 9513 1
36986 28855 2
15916 6075 2
39379 29200 1
26957 1070 1
24772 6674 2
12151 10424 1
28193 17156 2
5259 2436 1
5532 12431 2
15201 21642 2
31020 19989 5
18702 21532 2
5298 3228 2
23668 38184 1
6189 15243 1
15376 20123 2
30387 12068 2
8358 3191 2
27204 6017 2
7751 36763 2
13364 16023 1
22060 15931 2
7429 21623 2
5706 34923 1
19510 36640 2
23581 1216 2
28365 34648 1
39261 8199 1
26706 38170 2
16129 40074 1
20795 26361 1
8676 37657 2
34828 4766 1
18129 21671 1
30972 6476 2
1359 28251 2
19161 2150 1
28051 25255 10
18320 5816 2
22218 7055 2
34678 32227 1
21881 38748 2
16261 15887 1
35344 15841 2
9817 7974 1
34806 21623 2
