26691 13620 4
4183 19710 4
16193 645 4
30407 22346 4
6582 27915 4
15018 28836 4
31171 14198 4
27025 22530 4
10329 11324 4
19115 5298 6
8121 39233 4
27484 31352 4
21280 3783 4
15087 39746 4
12786 9514 4
37919 19246 4
28403 23783 4
23037 20128 4
36553 35358 3
10452 37150 4
17571 14250 4
3403 1766 4
37025 2741 4
15406 37103 4
29582 35997 4
2856 29553 4
31209 24874 4
6967 29631 4
39765 4129 4
1426 11274 4
19593 12664 4
8417 271 4
33866 2892 4
7907 9997 4
14648 36418 4
6026 9429 4
20157 32069 4
19883 19159 4
14432 28814 4
16650 31861 4
28820 16741 4
31601 8605 4
35398 37914 3
30583 13626 4
14132 4636 4
37925 18229 4
10685 17206 4
9544 25874 6
10054 35358 3
38041 30126 4
37404 1228 4
30154 40625 6
20445 22163 4
14789 5377 4
39649 16713 4
26078 9077 4
25512 20523 4
23270 12896 4
10560 7391 4
32359 303 6
25419 19426 4
37964 30202 4
12319 33746 6
14863 17974 4
11491 8504 4
19668 25990 6
18053 13583 4
26264 2926 4
24482 10222 4
1299 17909 4
17258 14344 4
18634 12178 4
14665 14748 4
30545 25676 4
35469 17614 4
38747 5171 4
32777 211 4
28385 27903 4
19956 4798 4
26295 13534 4
7421 16501 4
24853 7743 3
2116 33590 4
40912 13620 4
22392 32732 4
17586 22777 4
30169 13583 4
7606 312 4
849 37169 4
29996 25726 4
23493 20783 4
32683 36379 4
8207 31217 4
3214 33124 4
34981 32926 4
19189 31291 4
33126 2757 4
17150 37356 4
29197 13534 4
15474 12559 4
33476 7391 4
19728 27645 4
9622 36717 4
2526 22946 4
32847 24396 4
26394 4009 4
6561 9493 4
4639 20495 4
35315 31982 3
32678 29751 4
35259 24941 4
12307 37944 4
2400 36110 4
9418 13583 4
24675 21256 4
39734 19164 4
34036 32978 4
31198 13534 4
6216 24392 4
3244 10838 4
12916 21417 4
39229 2748 4
22276 5123 4
24068 25137 4
33263 11614 4
22231 14203 4
25242 6373 6
7315 18016 4
35998 11073 3
36892 14857 4
31506 28048 6
8 14577 4
4707 21934 4
16882 29070 4
27340 14259 4
34874 31037 4
31928 36230 4
35435 1084 4
21529 32296 4
12530 29029 4
8740 6373 6
4855 13525 4
12409 1779 6
30946 34992 3
5171 25284 4
40525 6276 4
33536 16765 4
33144 14422 4
21309 24174 4
34107 38665 4
32093 34785 4
4480 40040 4
30109 3899 4
12723 13583 4
38788 35358 3
19281 3872 4
38127 33362 4
13773 12070 4
882 11311 4
25078 1563 4
11087 5365 4
13946 16450 4
20629 9147 4
23560 6047 4
3991 12401 4
32189 5844 3
13681 18191 4
29638 13583 4
829 5298 6
36961 27645 4
18366 4081 4
8082 2846 4
18945 21858 4
39948 11025 4
3270 28969 4
1914 10189 4
37430 21861 4
7451 35688 6
19974 14860 4
28078 21157 6
36749 36892 4
22910 11669 4
26989 12185 4
10138 13874 4
36638 9038 4
8576 38485 6
30275 30707 6
23496 618 4
16595 36964 4
38638 24274 4
21674 30707 6
36110 38702 4
19910 6106 4
27678 14417 4
20979 19022 3
26367 21307 4
26924 13583 4
8931 36037 6
7879 4637 4
30069 5298 6
30755 2772 4
35961 25967 4
10077 3723 6
38826 32816 4
18434 39045 4
35584 22147 4
31691 17843 4
24843 5179 4
17807 10869 4
40319 23731 4
22816 13583 4
21966 14811 4
32606 29558 4
19901 853 4
2164 5298 6
719 2960 4
10827 28704 4
37087 5298 6
2876 211 4
2167 25921 4
11809 40610 4
22192 40167 4
7140 32636 4
18782 25978 3
17473 39053 4
38343 2260 3
24218 39969 4
26366 25907 4
9272 23417 4
26174 26068 4
8812 3595 4
20177 36252 4
36319 36200 4
10694 8090 4
2228 22759 6
1761 15714 4
3676 18191 4
15380 5298 6
30597 20257 4
36926 10249 4
29350 3660 4
3740 29476 4
4625 31770 4
6406 14165 4
3487 20739 4
35176 33799 4
4309 30017 4
5863 32525 6
24793 32144 3
10432 14340 6
7516 10869 4
170 22745 4
34467 29941 4
8574 5298 6
5066 23187 4
11498 33208 4
28093 18191 4
37489 1282 4
35658 15399 4
20005 37150 4
6308 28016 3
14197 32882 3
9809 21514 4
8365 37150 4
14342 5430 4
18834 20316 4
4175 37315 4
1385 30628 4
12230 4515 4
24231 17721 6
24199 6871 4
39231 39774 4
25673 2863 4
20594 36717 4
7339 24093 4
822 16071 6
10825 38064 4
27632 38415 4
7849 35200 3
38818 8460 4
13905 38940 3
1037 15656 4
2265 20076 4
30991 12869 4
27238 1135 3
18613 39851 4
23281 2167 4
37942 2260 3
19358 13583 4
7737 3415 4
304 22175 4
31111 39797 4
3273 15656 4
22559 1687 4
35919 14269 4
12370 25990 6
24794 37812 4
5250 19399 4
25641 23756 4
26427 23081 6
23140 33082 4
26544 13363 4
16653 29800 4
39034 34513 4
25293 22307 4
8019 2845 4
20426 33130 4
10059 28016 3
36350 33116 4
20278 947 4
15405 29553 4
18402 6922 4
19243 30852 6
29001 30096 4
25902 1032 3
18385 39171 4
2728 24958 4
6557 1042 6
37701 20368 4
27339 29751 4
18683 516 4
38174 36037 6
28854 3121 4
25960 32637 4
28991 33799 4
1580 21307 4
19303 20739 4
24951 28937 4
35391 8492 4
6308 4456 6
29391 5298 6
21569 30795 4
30252 10050 4
35793 2960 4
2047 2960 4
12966 25921 4
16593 15326 4
22273 26412 4
9174 4150 4
23797 2232 4
17271 33613 4
22350 16166 4
19335 8175 4
34126 34687 4
1048 39436 4
34898 40500 4
28386 5298 6
18888 10046 4
10565 17108 4
14913 28919 4
9574 16480 4
30220 28547 4
16978 27645 4
9229 26687 4
37886 16170 4
3038 6624 4
21308 38510 4
835 14738 4
37269 32550 4
14147 39233 4
11195 7687 4
31452 17641 4
579 20920 4
2554 8090 4
12456 2916 4
31115 26241 4
24677 34234 4
31453 5977 4
37372 7863 4
20484 8594 4
10110 23107 4
28637 21157 6
2052 7994 4
2040 31066 4
8072 5298 6
29995 23379 4
11409 7391 4
40585 32564 4
30110 22190 4
13753 18388 4
39236 35101 4
16179 23010 4
18377 2103 4
19166 17888 3
24617 36118 4
7587 39909 4
26332 33536 4
30025 8676 4
30087 9551 6
11552 1829 4
14353 29873 4
6542 34566 4
1092 18589 4
8390 1186 4
2906 39873 4
36751 19952 3
14738 18191 4
34497 34278 4
6621 35077 4
5388 16719 4
9679 5239 4
8579 13583 4
13604 1509 4
5264 21197 4
1591 8929 4
14598 23308 4
23069 5901 4
29839 27604 3
988 20637 4
17005 8467 4
29104 20584 4
14941 38902 4
25757 6751 4
6685 5298 6
20595 36378 4
13114 1779 6
39426 485 3
12551 28802 4
4859 4345 4
34657 14900 4
502 2293 4
11509 36696 4
4514 21141 4
15424 21735 4
32506 18191 4
35255 4637 4
15428 13572 4
17174 1563 4
37059 27607 4
8352 23943 4
120 28164 4
39449 39679 4
33946 31975 4
15444 11239 4
14902 35331 4
8592 16977 6
3972 5298 6
24545 13123 4
13192 6463 4
16870 33246 4
8580 17839 4
8194 29476 4
39354 7669 4
32675 40405 4
6646 31736 4
23071 1691 4
33757 22649 4
2216 25995 4
3743 26147 3
36262 5298 6
7051 11453 4
12481 5504 4
14381 9530 3
36915 5874 3
25875 13583 4
32669 4415 4
11456 26068 4
37708 5298 6
1157 39470 4
25482 16986 4
2590 38488 4
35562 2533 4
28756 2845 4
24967 16277 4
28930 27644 4
40569 18978 4
1474 27289 4
36499 9706 4
6432 35197 4
34167 31982 4
17117 27808 4
14846 27910 4
8321 1470 4
17305 3464 4
35439 4371 3
28746 38724 4
24595 1018 4
13382 38623 4
10010 27001 4
39937 35784 4
25779 2554 4
20840 21157 6
40493 28997 4
38092 15340 4
38866 39927 4
40489 17719 4
26071 27265 4
5744 18564 4
9734 18959 4
28526 22195 4
8870 4371 3
36174 32122 4
40003 7424 4
32041 14655 4
14376 15275 4
12978 31301 4
20201 35203 4
14463 8467 4
35191 30036 4
11883 31761 4
20569 9952 4
40433 24169 4
26073 19926 4
4404 26595 4
23799 22745 4
24115 24396 4
18693 40655 4
31677 14340 6
34078 7216 4
6047 20316 4
39479 24678 3
4220 2998 4
3100 40763 4
10723 1705 4
17819 7620 4
25215 37023 4
27496 25304 4
29307 23181 4
15914 10492 4
18881 40764 4
36923 10524 4
13633 35077 4
35032 2916 4
38916 17229 4
37245 28550 4
203 20904 3
1814 30013 4
5928 37752 6
11556 7120 4
2441 11311 4
34201 16629 4
14516 4711 4
16971 11353 4
8311 31558 4
36712 1032 3
12331 29554 4
32987 17234 4
9614 12799 4
29605 26815 4
24620 36207 4
481 22175 4
31961 22307 4
39862 618 4
26550 22307 4
4440 2594 4
37256 28020 3
16223 28827 4
1357 36703 4
27407 5298 6
38848 19590 4
15429 39034 4
25073 38804 3
18851 16359 4
23979 34365 6
20346 16032 4
33800 13583 4
14248 231 4
37298 25965 4
10838 30807 4
38820 8572 4
13853 36717 4
27402 33246 4
27167 37840 4
37309 32088 4
14851 38784 4
34555 18719 4
2563 5298 6
23128 35497 6
24639 3595 4
12593 29420 4
27479 11692 4
4293 14 4
31530 25967 4
9559 24871 3
6110 24492 3
21373 2232 4
35680 3342 4
12381 15481 4
24611 24815 6
39718 38823 4
31539 21307 4
17187 22884 4
13520 18191 4
22185 37150 4
20794 13085 4
14115 19952 3
8869 34791 4
21059 14752 3
37737 3962 6
30053 25921 4
18 26518 4
22675 1766 4
40666 25568 3
23357 32217 4
3987 16681 6
19350 8092 4
39358 4636 4
1987 13583 4
24029 19164 3
424 12384 4
9862 15656 4
32323 23957 4
6061 37902 4
11020 40775 4
7696 22307 4
34882 4027 4
10324 11055 4
25370 33718 4
10357 14403 4
34548 2209 3
6902 1228 4
26599 27808 4
15982 16578 3
23097 13583 4
33511 20739 4
12210 22307 4
6273 22777 4
4039 16977 6
29577 11930 4
22330 19631 4
33559 27733 4
31188 36685 4
37347 5181 4
34927 25967 4
33269 20739 4
32519 25726 4
17257 39070 4
16545 20912 4
13335 857 4
23981 11055 4
796 18822 4
37928 41 4
24046 38854 4
14555 12768 4
16308 2594 4
13632 23864 4
13438 27359 4
513 24040 4
35886 4627 6
34193 24989 4
17080 20043 4
23756 10302 4
8453 35161 4
20019 21713 4
35612 36825 4
25030 12439 3
40326 15656 4
1477 28104 4
12483 38228 3
37181 14256 4
23609 22988 4
14618 5992 4
16742 29884 4
38882 26989 4
20109 32675 4
2596 25990 6
7370 13683 4
25277 25002 4
21479 32185 3
12570 29235 4
19950 13534 4
2525 5375 4
39471 5298 6
38984 9821 4
10391 3111 4
28586 28338 4
39595 36717 4
38885 22109 4
31397 19734 4
14850 10869 4
24394 33181 4
27104 1581 4
9315 30231 4
16413 31352 4
24622 28586 4
2962 24011 4
11506 32287 4
27109 39974 4
19082 24107 4
5553 7536 4
22932 33613 4
34430 35520 3
6112 37169 4
21845 18414 4
17579 29221 4
36081 33613 4
36131 33138 4
1168 12867 4
24457 607 4
28014 35520 3
16828 5556 4
36808 558 4
35138 15609 4
5255 15408 4
11285 2260 3
113 697 4
8539 5686 4
17347 2260 3
36805 11234 4
32075 39531 4
37333 4317 4
35775 26030 4
24227 14207 6
32341 27933 4
15070 24524 4
13056 14636 4
4929 31807 4
31256 5978 4
26749 15916 4
40414 3809 4
19606 15611 4
40695 4150 4
5329 28016 3
23581 4158 4
11023 21076 4
1892 36686 4
7925 2916 4
4214 25853 4
3967 30329 4
19617 38912 4
10120 6374 4
20455 22307 4
19015 2197 4
24135 33613 4
19347 1290 4
7732 14340 6
12930 29586 4
3832 28016 3
33059 34975 4
20042 19102 3
7090 40930 4
448 25726 4
803 8869 4
19982 22007 4
27424 26141 4
4988 25703 3
10400 28915 4
19720 22759 6
4008 19710 4
23358 29242 4
35158 24959 4
9357 29751 4
18014 28873 4
34150 7144 4
5096 26788 4
31055 10869 4
23623 28013 4
16037 20703 4
39602 4199 4
30872 31223 4
3661 11813 4
12186 26521 4
23531 177 4
18180 36985 4
9417 35142 4
27494 13468 4
16787 38881 4
27544 2782 4
35923 20231 4
24375 4486 4
26557 11766 4
1399 22307 4
28869 9086 4
39269 20188 4
12217 32425 4
28908 13583 4
25391 35200 4
35096 33251 4
11202 19102 3
3151 36621 4
31724 2260 3
1089 27645 4
13521 36125 4
19702 15329 4
13655 17474 4
38137 15656 4
18933 27427 4
27705 21223 4
3865 2644 4
28052 5255 4
3059 36840 4
9110 38011 6
1821 37397 4
9662 4237 4
24503 21595 3
40919 7391 4
9434 4456 6
4823 1829 4
2956 25967 4
16299 38299 4
33147 39979 4
25788 29476 4
38483 19817 4
14338 919 4
34013 35358 3
36740 17614 4
23225 13525 4
13610 13411 4
29146 12601 4
27465 8647 4
7907 31986 3
15504 19938 4
33984 32070 4
19403 26269 4
13300 23994 4
22418 40040 4
8282 13583 4
34039 25967 4
13181 33867 3
26395 18191 4
23208 2260 3
1411 3962 6
35429 5123 4
13253 11324 4
35006 35419 4
17638 18191 4
15423 40405 4
5923 8763 6
9453 36717 4
29680 25096 4
4975 28013 4
21391 38081 4
25262 27645 4
11872 23715 4
15263 21057 4
15534 2916 4
1520 34856 4
21878 21595 4
24792 36171 4
37743 21728 4
9137 43 4
23663 36378 4
17752 35358 3
12113 13898 4
40144 18242 4
14569 13874 4
34330 24174 4
30225 5619 4
40356 18437 4
36109 1228 4
35875 39541 4
25211 7856 4
4607 9476 6
37697 25172 4
25471 20717 4
11234 33989 4
3434 28642 4
27227 28388 4
6605 31035 3
7426 13958 4
7088 34365 6
24179 5327 4
26839 29884 4
21246 7038 4
34473 18191 4
2382 1926 4
15462 31456 4
6389 9007 4
3581 10352 4
5074 2748 4
37418 35223 4
162 2960 4
5679 33750 4
38534 10588 4
1608 6013 3
770 22884 4
11344 24 4
15413 7548 4
11386 16767 4
28845 18191 4
22102 20739 4
25120 21111 4
16525 773 4
15294 13419 4
5257 33613 4
3952 20316 4
9066 38058 4
20272 7766 4
22712 10246 4
30916 33613 4
7689 19164 3
31488 19102 3
37769 21595 4
4248 32337 4
6038 29421 4
24368 25726 4
37773 18564 4
3191 39678 4
5013 26815 4
27095 7996 4
3135 4738 4
11632 6523 4
8902 25967 4
39683 29476 4
28691 5298 6
11999 29884 4
9943 9787 3
38713 23943 4
36003 36964 4
14547 13787 4
2476 33613 4
30997 15899 4
6833 37328 4
29883 29301 6
1559 73 3
7320 37310 4
16569 15186 4
32457 21307 4
15788 11670 6
18820 25990 6
39233 360 4
17799 14340 6
25141 1034 4
15861 22200 4
13709 36964 4
14754 25281 4
39081 18459 4
26743 25312 4
8244 7391 4
7919 25921 4
10830 27886 4
606 35358 3
38695 16986 6
32450 357 4
39702 26577 4
26966 19735 4
28956 4112 4
21734 13573 4
2311 28606 4
11309 35358 3
3175 2103 4
3145 10238 4
32886 36439 4
621 38588 4
24787 38588 3
11154 19280 4
39049 22307 4
26928 7753 4
6649 8997 4
13287 1173 4
38164 28032 4
14848 34707 4
27530 19710 4
12874 55 4
38832 29751 4
33786 36070 4
10854 22307 4
39486 18822 4
16548 33070 4
39519 36568 4
23586 36049 4
5232 30011 4
18253 15561 4
40410 29884 4
25942 20726 3
16381 32185 3
23782 1853 3
39379 12198 4
23020 15407 4
31012 15993 3
28491 4047 4
25376 25778 4
8700 18190 4
34625 1691 4
38036 7667 4
35937 4596 3
9279 22667 3
29470 22667 3
7739 40664 4
18652 40167 4
1932 15554 6
28564 3576 4
11001 10792 4
26300 2728 4
14979 23081 6
18738 15356 4
26781 9088 3
332 31217 4
37844 21383 4
39901 10588 4
3407 25990 6
18611 29588 4
5728 40687 4
8028 13363 4
16175 13886 4
19585 3023 4
11312 26577 4
35048 4199 4
20381 20470 6
38327 17148 4
5804 581 4
710 9142 4
21521 5298 6
40100 39596 6
20938 29014 4
10908 9460 4
303 33543 3
19755 29751 4
23935 23495 4
8781 19426 4
5830 13583 4
31409 36656 4
12782 34226 4
34929 40657 4
32221 5395 4
8884 26068 4
39177 13534 4
39416 11742 4
18793 25967 4
6395 10869 4
37221 29490 4
32922 1766 4
19525 3265 4
35766 1872 4
17770 1248 4
2148 32144 3
8949 36717 4
16272 7548 4
3615 40822 4
22527 1879 4
10359 32006 4
15313 37916 4
952 13419 4
20389 40939 4
2198 5123 4
33874 32211 4
19663 4111 4
1192 33419 4
22673 38102 4
20783 5086 4
37067 5786 4
28192 13886 4
12033 13534 4
11251 33639 4
38592 9311 4
15648 27271 4
1259 13090 4
5658 36964 4
23287 3823 4
22735 36964 4
34390 27525 6
13847 26171 6
14 994 4
3282 23878 6
31995 25066 4
558 9460 4
7782 21157 6
15048 25128 4
33510 2691 4
18707 6406 4
12839 35861 4
32363 2260 3
17170 14072 6
40033 28013 4
9849 4715 4
6521 13275 6
8077 13244 4
14421 4637 4
4321 32882 3
9214 34523 4
8856 26215 3
6213 29181 4
16107 34710 4
32325 2260 3
3605 32185 3
21033 10578 4
7657 16986 6
15465 5556 4
7482 16623 4
35861 31978 4
34954 9793 4
37328 18191 4
1115 34149 4
9808 1779 6
35877 22777 4
19735 35255 4
28629 16071 6
29885 24018 4
10717 32636 4
28663 20912 4
14397 4199 4
7261 14998 3
452 17721 4
15815 10222 4
28917 8613 4
26491 2748 4
14395 24174 4
15994 24169 4
34896 32745 4
12987 38876 4
29459 27573 4
5606 2167 4
10191 1779 6
10327 21157 6
20787 30852 6
9776 27607 4
29382 6866 3
5689 40525 4
12457 13646 4
20054 25565 4
28655 22010 4
25409 2960 4
32462 27346 4
3704 14340 6
11897 2260 3
13057 32581 4
20030 12482 4
24228 1705 4
28513 4199 4
5956 13521 3
25006 36980 4
30579 15433 4
25234 29257 4
27542 19047 4
24385 22010 4
34931 527 4
9045 2748 4
34296 11670 6
4200 6203 4
5990 9749 4
40718 20445 4
22555 7264 4
13266 17739 4
8871 13521 3
36313 28642 4
9901 34416 3
19924 35945 4
7011 34056 4
8162 20739 4
28466 18940 4
5853 15656 4
9596 8763 6
37797 35040 6
23238 36334 4
8954 30890 4
19826 37362 4
31616 24375 4
37487 2960 4
38492 9504 4
33402 1538 4
14764 7743 3
35777 2708 4
33796 26111 4
23425 37257 4
19879 27645 4
24700 3234 4
2667 29151 4
35387 6373 6
2255 4283 4
22029 16906 4
31670 32110 4
18891 22307 4
3335 16667 4
28436 12664 4
14545 26303 4
11006 22777 4
5056 15497 4
27784 22307 4
36391 39066 6
19176 16822 4
21761 1615 4
38022 13583 4
3385 37222 4
36336 2916 4
6208 15188 3
15862 38940 3
13802 22517 4
29341 28040 4
32811 40397 4
36628 14673 4
23914 32185 3
20274 22557 4
38533 34856 4
134 25848 4
31192 17187 4
37915 35358 3
32784 29682 4
721 22517 4
34010 6373 6
35013 32691 4
34179 5686 4
32466 9493 4
10257 7017 4
15886 32782 4
18018 13065 4
31391 8467 4
22616 19809 4
1374 9142 4
40557 38028 6
23511 15417 4
22788 25582 4
29263 24370 4
285 19227 4
847 15461 4
17612 20739 4
2828 33613 4
32029 8643 4
22184 10736 4
18417 25967 4
3675 18388 4
15811 32982 4
36112 33613 4
39214 37773 4
38605 32336 4
28775 29242 4
34638 24741 3
21114 35952 4
16877 13037 4
3926 12518 4
13295 14072 6
1211 18454 4
30318 24035 4
24120 14501 4
4350 36019 4
39569 14747 4
25529 26113 4
30733 13047 4
933 24959 4
13915 18797 4
20320 40754 4
26426 2168 4
21213 18238 4
33956 36568 4
3509 5849 4
33736 40062 4
2796 12318 4
23911 7391 4
31705 1777 4
34320 33148 4
23913 13559 4
35594 25304 4
29272 7789 4
25559 9088 4
38207 39202 4
21388 29794 4
4112 3791 4
5267 5983 4
30856 35453 4
16724 25516 4
7483 40939 4
37335 28344 6
33156 38495 4
2976 9953 4
24191 27972 4
16117 21595 3
16756 6668 4
34249 13583 4
25926 11073 3
14480 7391 4
12506 34574 4
5291 12182 6
30649 32508 4
16845 2260 3
33646 39860 4
18917 6047 4
28000 18875 4
5964 21888 4
10166 36854 4
5490 9706 4
21325 32564 6
30268 14957 4
24093 28220 4
37363 23684 4
1067 31109 4
14758 5298 6
19943 16977 6
27794 37113 4
40687 36539 4
37603 31772 4
16913 27645 4
31618 4101 4
36842 34567 4
3274 15213 4
8572 35255 4
23863 9088 3
197 40664 4
6243 22517 4
14306 13583 4
34261 4456 6
3320 33613 4
365 29235 4
12374 686 4
31787 3595 4
18845 24871 3
2805 29941 4
33550 17148 4
25754 17611 4
5273 9158 4
17437 12559 4
25090 6523 4
2451 8479 4
25492 23181 4
1285 27911 4
3763 35200 3
1849 12406 4
10049 1876 4
7283 17044 4
6234 37449 4
17072 29941 4
37160 16468 4
23035 21307 4
2902 38064 4
21964 17817 4
30554 27645 4
40102 25921 4
33587 30017 4
37585 21157 6
6390 23971 4
37652 3260 4
21063 4939 4
1537 32101 4
22964 22759 6
10957 3533 4
8767 5298 6
12445 40316 4
14926 24815 6
37014 18768 4
15122 15656 4
20926 28835 4
27214 35511 4
22135 25181 4
22301 16656 4
21112 17306 4
17644 39474 4
1905 22288 4
6629 17148 4
4848 18797 4
17000 7766 4
29774 40040 4
9485 36964 4
36001 1019 4
1431 29112 4
5126 40225 4
28677 12401 4
35731 25497 4
8445 30921 4
30297 13889 4
8610 8496 4
5391 10869 4
21870 7581 4
20981 7120 4
28485 16257 4
17296 15729 4
31669 22103 4
8038 30284 4
18566 39332 4
1902 39166 4
5484 9980 4
30269 37222 4
34797 20726 3
18719 14891 4
23755 31712 4
3900 10189 4
7383 29630 4
27244 33859 4
4655 22829 4
7194 7310 4
6920 39045 4
37301 1977 4
7121 5603 4
1828 2748 4
25689 14739 4
27807 31812 4
330 28048 6
1113 28682 4
26159 28344 6
3598 28157 4
36744 17542 4
7566 2194 4
7198 8579 4
8938 689 4
956 39487 4
11931 40004 4
4646 36726 4
16300 21157 4
20350 5977 4
24331 24388 4
5025 7667 4
30438 33663 4
19886 32716 4
29586 24911 4
26473 14340 6
38898 11550 4
40674 21930 4
37184 11851 4
14814 19885 4
39826 14149 4
29947 16765 4
2386 35077 4
35797 10302 4
14610 18191 4
12173 9602 6
17852 10881 4
23943 5559 4
1359 15131 4
16010 36037 6
18631 12482 4
25043 11664 4
983 28606 4
10365 5136 4
8912 35358 3
454 14888 4
3528 24169 4
24728 35276 4
17569 16223 4
15161 24983 4
11255 35030 4
11538 39606 4
18616 10765 4
1907 26712 4
36424 36717 4
32580 8292 4
21032 24531 4
20895 31360 4
8015 18313 3
30853 6791 4
25628 1818 4
7904 7743 3
36231 9210 4
10913 11628 4
32217 29711 4
14604 12532 4
28053 13583 4
24293 36171 4
34979 16902 4
36430 27450 4
22995 30017 4
2719 3512 4
9566 31058 4
30886 17319 4
18277 22180 6
25162 5298 6
21541 40704 4
32277 20316 4
4983 26197 4
23899 26089 4
18727 37812 4
18342 27372 4
19221 33268 4
20669 7351 4
2202 16445 4
30569 15883 4
5870 22517 4
12293 21730 6
18214 296 4
24515 18191 4
19012 39053 4
36747 17117 3
34759 2560 4
8696 22307 4
30855 36752 4
3243 34016 4
34647 37400 4
26923 37914 3
658 27734 4
38270 20495 4
15451 4798 4
17710 31334 4
34250 73 3
37598 2260 3
31201 11258 4
14335 10238 4
7889 2293 4
29268 686 4
38975 3595 4
22934 30008 4
19188 8037 4
18601 11117 4
13445 15345 4
11143 5298 6
14060 33936 4
16061 27033 3
17565 1034 4
18756 38856 4
21367 28048 6
16294 2287 4
12830 30436 4
39246 27915 4
40846 5298 6
29097 35358 3
6465 37610 4
40778 39045 4
17190 30643 4
14378 36049 4
11746 29235 4
11546 10869 4
3602 14710 4
