6088 325 7
9437 18767 7
19821 35458 7
30953 11527 7
14757 12156 7
37404 11575 7
26607 6927 0
18776 39015 7
6030 22589 7
29181 19370 7
37736 35751 7
20447 16584 7
8196 19116 7
4772 13240 7
27138 22574 7
9412 40204 7
10471 14583 7
17112 7186 7
5441 9734 7
37141 423 7
31642 24862 7
36782 28224 7
22406 21626 7
30004 14036 7
38594 34291 7
2533 17205 7
37819 15233 7
12443 40022 0
17755 5449 7
37057 10290 7
23781 5388 7
5058 40126 7
30498 14933 7
8226 37722 7
18257 18615 7
16896 17057 7
20932 2222 7
37486 1075 7
37622 13107 7
30329 2151 7
33775 31602 7
38822 10238 7
5786 21344 7
8679 18554 7
7607 35332 7
34098 37802 7
5628 40740 7
2198 40079 7
11792 10363 7
32601 34399 7
8090 7812 7
31450 966 7
2209 37575 7
40653 29151 7
3757 3223 7
19423 3324 7
30104 17902 7
28991 33125 7
35522 27954 7
39347 27032 7
4739 6000 7
36707 22928 7
32677 9871 7
33703 33323 7
34377 34632 7
13676 13363 7
19002 33598 7
39279 3580 7
30681 13488 7
26620 39030 7
26850 15022 7
15213 25122 7
14100 33577 7
33139 38739 7
13116 40752 7
12948 19571 7
17800 3741 7
30611 16257 7
38741 34590 7
6012 13335 7
40058 4273 7
3445 18481 7
20777 5450 7
10719 6241 0
2245 23143 7
28791 24349 7
3939 12106 7
16170 26786 7
18759 27671 7
17483 8013 7
278 38353 7
32470 20453 7
8091 12516 7
10820 12001 7
9108 35405 7
30665 39938 7
27708 17617 7
24765 8314 7
21626 22406 7
1876 8393 7
15997 6000 7
27421 32375 7
10367 4860 0
19312 34688 7
32395 1236 7
7586 29296 7
23309 8290 7
15553 17076 7
30848 2791 7
9168 1020 7
17810 4654 7
37951 31917 7
31777 21935 7
4286 40835 7
716 20750 7
20288 16696 7
11756 19044 7
7412 13994 7
28678 32301 7
4392 24578 7
13270 14422 7
2628 9377 7
40006 9524 7
3752 40699 7
3170 8013 7
695 36157 7
11840 8431 7
1637 28306 7
11789 13874 7
17906 15691 7
1955 11122 7
21942 4225 7
37116 2154 7
33988 28596 7
1766 20138 7
14277 37062 7
37503 28639 7
22545 14622 7
36132 14436 7
23629 15781 7
34399 32601 7
11705 25704 7
10847 12957 7
19409 16022 7
13756 25038 7
1642 31537 7
23700 24905 7
18446 23348 7
32910 24649 7
17167 14957 7
23930 22304 7
26337 4957 0
33442 15200 7
1582 1233 7
5318 27801 7
1876 15179 7
15775 28113 7
17617 32492 7
21946 25248 7
30353 5158 7
35184 28092 0
25256 28808 7
30890 14580 7
7855 22970 7
38994 37745 0
5490 510 7
7840 11022 7
36307 8408 7
16711 8781 7
15899 15784 7
9120 17833 7
2942 27804 7
15878 16281 7
40064 39009 7
40286 15747 7
19700 24728 7
39092 28151 7
23283 25779 7
4055 36602 7
17813 26888 7
8380 23856 7
1550 29183 7
13641 38959 0
17700 20046 7
38011 22332 7
11680 18490 7
33752 4692 7
32389 31754 7
28588 21055 7
34699 33995 7
24122 2229 7
40339 35952 7
7680 36940 7
26533 38226 7
9138 8084 7
36672 33748 7
39536 14690 7
5807 28928 7
38295 21660 7
30050 3057 7
8264 15806 7
11426 9851 7
10393 7747 7
39766 23985 7
9432 19171 7
219 9317 7
2863 7753 7
16272 930 7
26485 72 7
16547 36602 7
39642 28526 7
2472 19297 0
40362 38892 7
32089 13740 7
33969 39803 7
1298 32507 7
19675 38039 7
2916 10361 7
2414 13130 7
24375 33198 7
27195 26969 7
29184 20367 7
33221 5484 7
11869 34115 7
16678 32584 7
14918 22321 7
7807 6413 7
35651 6386 7
16416 27876 7
6615 13960 7
32652 32770 7
37929 20665 7
10938 22770 7
29477 10280 7
39073 23317 7
31103 3891 7
9614 8925 7
28468 2317 7
6811 26877 7
1928 5026 7
31433 18838 7
22928 13558 7
20686 14728 7
5595 1771 7
1673 9550 7
40260 32089 7
38962 14782 7
15912 919 7
10974 26066 7
20360 25932 7
6122 5250 7
21691 27517 7
35867 12559 7
28968 23624 7
35653 5463 7
25907 33821 7
5384 846 7
30520 11324 7
19120 31635 7
15565 28238 7
15086 9550 7
30960 15297 7
1553 5395 7
28690 1142 7
40812 8824 7
30385 13997 7
11324 5977 0
34108 37468 7
13026 40060 7
30786 23629 7
28065 17671 7
40404 19722 7
14797 25983 7
2463 12795 7
10165 12743 7
7241 29905 7
5597 14221 0
40465 854 7
21055 6316 7
473 39643 7
26576 10667 7
928 3582 7
17991 9217 7
31598 18385 7
4390 36284 7
30539 30687 7
10197 17944 7
27748 35093 7
7287 1008 7
23638 22315 7
36206 36840 7
28011 5395 7
2319 8249 7
32421 5925 7
19200 15267 7
11042 34339 7
26635 1006 7
7381 18496 7
28557 13132 7
24421 15030 7
6704 4926 7
17095 14518 7
3740 4308 7
8317 20954 7
17216 39734 7
32089 11592 0
38694 16849 7
30493 15586 0
17232 22903 7
22246 26849 7
5504 38054 7
14754 24151 7
37861 32549 7
37770 15647 7
23384 13665 7
28750 25768 7
38610 15168 7
5158 30353 7
37589 28787 7
30929 12774 7
16696 31259 7
24652 33372 7
24558 8729 7
30474 3803 0
32774 21399 7
24173 37242 7
23271 16453 7
37696 12684 7
36871 22729 7
34996 8789 7
39210 39541 7
18836 15102 7
10732 31291 7
38351 38255 7
24684 30877 7
21203 4539 7
15878 30103 7
12411 22970 7
25397 14678 0
29235 36607 7
2700 23190 7
11975 5638 7
15389 25333 7
15044 31517 7
39175 11528 7
7113 11585 7
21406 27973 7
16923 20948 7
11871 21307 7
8223 7618 7
6165 22445 7
14371 2762 7
32894 17239 7
4727 32801 7
35502 6910 0
39788 40166 7
27445 8541 7
16430 22377 7
22269 14988 7
4556 38742 7
36512 27786 7
38122 25425 7
29194 12346 7
28418 33728 7
25289 13285 7
23427 32121 7
24428 9138 7
13170 200 7
29432 14023 7
10598 1338 7
16384 36480 7
28760 8157 0
29559 31889 7
23082 35759 7
34720 10160 0
24022 36567 7
40823 16528 7
1578 8109 7
14903 22182 0
12092 26687 7
12330 37614 7
38411 32861 7
13590 5395 7
7215 15878 7
3189 1930 7
4926 33097 7
38275 2300 0
32828 22252 7
40416 7263 7
22298 16248 7
38579 8883 7
26566 17187 7
33577 2351 7
26919 8425 7
21245 17686 7
30270 39939 7
4142 30647 7
23476 12776 7
40654 21196 7
34688 10051 7
27031 16614 7
33860 23859 7
39765 28818 7
2300 14509 7
20686 11381 7
8254 6332 7
7208 40734 7
30717 12099 7
17642 21452 7
38878 37150 7
1341 13038 7
150 12223 7
15583 36952 7
37812 6611 7
15192 10624 7
15059 13589 7
31299 3809 7
24031 11608 0
39174 17800 7
10154 26600 7
3671 17252 7
31450 26712 7
1045 6429 7
24032 12741 7
600 20879 7
33763 13886 7
14511 25341 7
29148 27491 7
10651 11921 7
20807 34514 7
30701 14501 7
30350 35189 7
33914 24082 7
30602 39184 7
15988 34688 7
13532 26635 7
30336 29546 7
20847 4093 7
10314 16102 0
33559 30046 7
28111 37273 7
40539 37216 0
16180 17621 7
25223 24835 7
35517 26773 7
25734 26228 7
30564 39536 7
17719 22285 7
40790 23548 7
24575 31843 7
28774 3168 7
39435 3024 7
22555 24349 7
11768 39062 7
20170 18639 7
3936 4397 7
11324 11755 7
25930 4882 7
8354 20914 7
6298 10125 7
35817 31714 7
40141 17797 7
29798 12129 7
14690 4486 7
7575 36440 7
29876 5791 7
13980 14041 7
12131 37846 7
40373 10847 0
24373 3377 7
34452 14695 7
4266 10983 7
40687 13292 7
17833 18232 7
26303 8253 7
36078 7332 7
40168 32175 7
7970 32428 7
19251 1930 7
25349 36521 7
6572 10733 7
19116 18669 7
6179 39509 7
4705 12512 7
35800 39163 7
30729 25309 7
38611 35288 7
23482 35951 7
34146 15043 7
38015 30079 7
107 3033 0
27131 13440 7
16586 14862 7
19189 19539 7
8425 10273 7
29014 3421 7
16807 11318 7
24915 26436 7
17930 30054 7
13558 36707 7
16750 32911 7
3537 32780 7
27673 13351 7
26519 2897 7
1592 15840 7
4299 33116 7
35929 6080 7
23034 2075 7
37766 13676 7
35659 854 7
16528 26641 7
12246 28490 7
23497 15199 7
6265 28156 7
20120 34962 7
39239 34497 7
13637 27456 7
19283 38063 7
26854 6961 7
18358 24328 7
38481 29527 7
31867 6197 7
39473 22621 7
37103 35226 7
14202 18848 7
29364 12587 7
11454 13887 7
21848 9109 7
19041 12411 7
4663 17483 7
27660 40783 7
30434 13318 7
30356 33396 7
21547 1857 7
8449 6724 7
29330 4912 7
21518 8860 7
26698 37611 7
17088 23452 7
18170 27743 7
31922 17797 7
10889 30852 7
36085 39130 7
40585 28604 7
9577 5262 7
12688 14731 7
4682 32684 7
23466 34406 7
18019 12085 7
24207 34974 0
11826 31259 7
35673 23819 7
1573 24415 7
10619 9015 7
10180 17881 7
38964 20846 7
32195 2607 7
30645 35505 7
28587 8145 0
28200 21431 7
29684 18299 7
34465 24947 7
19296 3570 7
20309 20825 7
33170 632 7
13861 37394 7
28214 23481 7
29933 15022 0
4307 8267 7
20857 31035 7
2301 18623 7
3223 3757 7
14290 11129 7
12976 38333 7
4353 37550 7
18089 18508 7
28843 1840 7
14537 8841 7
19692 28828 7
40425 25421 7
26624 40191 7
25235 12457 7
24981 30635 7
30431 15784 7
5363 40405 7
1782 8742 7
7476 1109 7
40795 7437 7
11254 27659 7
10749 3417 7
33417 37886 7
559 31111 7
38295 29691 7
23291 14566 7
8783 14568 7
7275 34925 7
3954 2715 0
1125 39190 7
39297 19817 7
4528 9777 7
13347 7013 7
32837 23262 7
22347 17642 7
14059 10065 7
33396 11487 7
3082 33188 7
17771 32024 7
22827 15230 7
35378 15330 7
22001 7823 7
21755 18913 7
169 24959 7
17205 33605 7
29461 14095 7
5314 25296 7
19092 10395 7
35416 31756 7
2757 16342 0
3428 32251 0
948 2978 7
10733 16244 7
40424 38380 7
12281 31301 7
37277 13314 7
29746 8268 7
26079 8393 7
16325 23637 7
34731 24549 7
24375 36555 7
40829 13168 7
21335 36301 7
33568 18408 7
15784 2254 7
40072 20367 7
24894 28116 7
22673 20419 7
15982 12472 7
975 24002 7
32805 21472 7
5094 10027 0
30538 16359 7
17700 22024 7
18960 38688 7
38411 13647 7
19171 9432 7
26786 24415 7
24786 9361 7
33954 40225 7
8427 32544 7
5769 25052 7
19319 4388 7
10134 22587 7
3996 18275 0
34814 22481 7
8077 25387 7
32816 27327 7
31453 1891 7
27229 5439 7
39463 10652 7
40179 38011 7
10662 31457 7
1876 25223 7
16009 24306 7
2020 11374 7
15414 40110 7
22097 25784 7
26933 29586 7
14330 131 7
7241 40812 7
807 19715 7
30525 20562 7
37645 38677 7
13839 13245 7
19298 14421 7
22652 24993 7
7803 25700 7
6999 35862 7
32552 11493 7
33556 16355 7
33055 38347 7
30964 12667 7
24468 21347 7
32331 25196 7
18087 16050 7
1210 21359 7
9223 6979 7
29847 37751 7
2526 29753 7
17346 32926 7
3145 4662 7
3969 30129 7
26417 27856 7
13031 35845 7
13345 18705 7
36469 15345 7
26113 4634 7
37214 20008 7
39695 20285 7
6573 15907 7
27053 2422 7
22728 2341 7
23868 11736 7
23194 16054 7
25856 25453 7
12967 15775 7
25880 39965 7
7864 17549 7
12552 23983 7
29645 4047 7
27005 3239 0
29251 10719 7
29757 39475 7
25485 25139 7
7078 21444 7
510 18883 7
11129 30158 7
28259 7464 7
35004 19427 7
38553 35212 0
29527 27618 7
36985 15563 7
17023 30655 7
325 6088 7
34226 15847 7
31812 36563 7
40163 40067 7
30776 18186 7
8357 36316 7
39589 8866 7
4506 29927 7
25103 17088 7
31043 7305 7
16128 5637 7
7768 35618 7
38436 7048 7
37796 19909 7
1342 32745 7
30129 13667 7
21644 31281 7
37186 34843 7
4549 12122 7
36903 39556 7
16473 11997 7
14493 36613 7
11308 13907 7
19058 10013 7
15019 29235 7
16597 13573 7
19702 17690 7
15246 237 7
27618 15134 0
37159 37674 7
14687 3803 0
13946 797 7
3357 36019 7
2439 2726 7
5532 10694 7
3218 20048 7
21331 15555 7
14632 2008 7
23632 10021 7
22717 25786 7
5275 27379 7
33577 32550 7
2031 24677 7
22825 10598 7
1916 14883 7
7575 10167 0
15441 35231 7
3936 5662 7
38619 704 7
31598 19987 7
14848 40343 7
7408 24322 7
13737 35375 7
25142 633 7
6329 35138 7
1928 3416 7
9073 2927 7
39513 12812 7
19144 14829 7
16846 31669 7
15848 37671 7
3668 5337 7
36827 4265 7
22257 28644 7
4742 18995 7
7652 39232 7
40828 11705 7
6664 5405 7
2591 39898 0
30540 2591 0
32981 29606 7
33902 10471 7
25016 27892 7
40241 32025 0
1840 34302 7
94 13318 7
23775 48 7
33414 20511 7
6502 35046 7
9230 26192 7
20337 2863 7
36078 25198 7
39334 17958 7
21273 5090 7
11507 8444 7
4862 2799 7
3555 35929 7
37990 16724 7
7704 21950 7
29950 22592 7
38450 16193 7
26754 14214 0
26023 39457 7
12872 18454 7
9280 5054 7
231 30010 0
37601 5636 7
23559 15833 7
13469 2649 7
35365 29222 7
22013 6346 7
20480 7100 7
23226 4055 7
21487 6770 7
29923 37843 7
9174 14867 7
24400 31047 0
11581 30970 7
14179 39351 7
29908 15711 7
28571 34020 7
38511 33557 7
1108 35565 7
34605 18248 7
12770 994 7
39685 19074 7
2365 16062 7
36905 12450 7
39759 18470 7
30125 14790 0
9487 30849 7
4241 33745 7
4529 38439 7
18053 34962 7
11560 6552 7
25154 13157 7
23000 19749 7
11672 11142 7
37433 13463 7
29374 24169 7
30525 31371 7
9494 21477 7
12261 27517 7
30765 11825 7
22484 26425 7
4109 26117 7
21509 19597 7
6552 11560 7
12207 5860 7
39671 25425 7
17771 6941 7
30498 40572 7
16034 1563 7
15775 23584 7
18433 18471 7
25983 32254 7
13176 26917 7
16388 32576 7
29080 24223 7
15392 12614 7
20426 33537 0
6298 38351 7
12254 23875 7
35281 38894 7
29975 18454 7
37722 28687 7
22352 24023 7
8966 21237 7
29490 35638 7
25932 34079 7
37353 24929 7
29561 7353 7
14559 9058 7
20140 34625 7
19041 30240 7
6615 39496 7
19934 26828 7
36370 398 7
27270 9174 7
23278 37104 7
39083 6253 7
13272 7218 7
2747 38452 7
37541 4932 7
21432 23114 7
10232 23751 7
36486 19396 7
29227 10115 7
38063 16902 7
26120 16969 7
22583 13768 7
29295 30583 7
19002 28581 7
15148 16615 7
10938 13607 7
35523 19975 7
8662 17289 7
7714 22879 7
259 876 7
13655 16438 7
13435 23775 7
18701 16102 7
30498 22822 7
17405 31414 7
22488 19296 7
4659 34931 7
40740 5628 7
40217 10926 7
9299 30924 7
9480 10153 7
35170 5676 7
11324 11612 0
36639 34451 7
24252 29316 0
27474 36645 7
27529 262 7
17690 19702 7
16563 10660 7
11609 33291 7
17582 40310 7
12299 38825 7
13742 4486 7
40864 26076 7
22771 32411 7
17519 37041 7
18185 31632 0
33906 25411 7
143 34007 7
25649 38805 7
2147 21043 7
24060 33884 7
38711 21196 7
9772 34839 7
28833 36648 0
4940 1386 7
33787 2485 0
6770 21487 7
21650 24866 7
36816 15227 7
15399 18851 7
28549 2271 7
1007 39617 7
40226 7108 7
40329 40853 7
35369 25596 7
18504 37012 7
17977 39696 7
32955 12845 7
22241 25747 7
4171 40864 7
39512 10170 7
5021 8099 7
23063 33688 7
3468 35226 7
29981 35909 7
16154 9069 7
9675 1118 7
12878 27020 7
24957 26213 7
26594 21644 7
1903 13081 7
1722 16508 7
27578 14756 7
22422 280 7
5780 3079 7
35021 5835 7
35576 40892 0
8320 6200 7
13068 36504 7
14275 40358 7
36349 24803 7
19192 28166 7
2224 33779 7
16312 4558 7
2741 40255 7
32552 26124 7
16833 1643 7
7479 28630 7
30598 3297 7
5210 14639 7
37001 23406 7
36022 35501 7
1930 20659 7
17005 10604 7
12631 25890 7
34739 8174 7
19327 29869 7
20850 13648 7
27931 27954 7
15586 30493 0
1970 15005 7
8320 21378 7
10769 40790 7
7472 24947 7
16539 1675 7
6269 27067 7
29691 38295 7
20609 26492 7
15009 21176 7
11446 36289 7
36501 380 7
24601 219 7
11023 40355 7
2404 39487 7
7648 32500 7
37858 5462 7
476 22174 7
31314 23153 7
28202 21717 7
34720 32863 7
39929 6977 7
39073 38845 7
17125 2422 7
21626 2758 7
8128 10359 7
11434 4871 7
31369 31341 7
34854 11693 7
20568 5097 7
3884 22755 7
27826 31006 7
34885 11934 7
4544 35825 7
25221 9376 7
29275 39459 7
30825 14623 7
2589 31315 7
5750 16998 7
30650 8342 7
16112 23072 7
12582 18454 7
1700 40119 7
29518 38056 7
2346 17120 7
17464 38452 7
813 33683 7
16611 36539 7
4841 4569 7
10289 15029 7
40331 38332 7
39125 19319 7
30563 40261 7
30929 37261 7
32121 23427 7
8049 31391 7
32945 6792 7
13724 23546 7
7466 34452 7
16257 7016 7
31554 17391 7
25105 16773 7
39401 36617 7
25399 14580 7
21748 40129 7
27287 7024 7
39617 40207 7
21913 29353 7
26672 7575 7
3099 5522 7
27106 1578 7
15460 38042 7
22010 18427 7
32643 36863 7
36531 8682 0
34848 37773 7
15881 6996 7
19142 32381 7
34391 962 7
40141 11515 7
40886 24323 7
19778 36547 7
22174 30593 7
9253 17645 7
23390 21628 7
25737 25397 0
4955 23663 7
18211 16240 7
22876 30091 7
17470 1846 7
37723 23614 7
3142 18324 7
34445 35223 7
4964 20695 7
277 31113 7
16696 25717 7
22087 32230 7
11569 38699 7
40457 16995 7
4754 36962 7
12482 11240 7
18148 25385 7
13272 13363 7
4708 21065 0
30413 4866 7
33144 12795 7
18767 7101 7
11444 30817 7
4398 2749 7
6187 13987 7
17216 26297 7
22574 39663 7
11947 31609 7
30813 39531 7
7191 29893 7
3986 13576 7
7547 17134 7
11030 15323 7
20060 11610 7
13706 21997 7
17254 30650 7
7590 18395 7
28248 6678 7
5512 17751 7
30531 39962 7
1498 6681 7
2244 405 7
14403 22091 7
7853 10006 7
